1510382395924622
976499189063569
464857827051550
1394394100883532
208562906152751
1681050285469323
468667833326388
795932053885655
1491680351138833
891722677570269
970329593034711
1657988584457908
1102968659713126
452615424931336
1518472151797722
1018360078187491
186471988374526
1002447933145916
433144233547825
195743157442943
1654105034871047
955505647873708
470556679799375
1535048160150852
102445183468672
902020793228459
755272911269962
1649766901928650
493858850821736
569733226507373
1652552948360348
911549582233977
149579475415098
1497680860539260
1697043103874837
929320087160104
1065752730112384
1643173735935396
226376994361239
429606093897189
980322795373960
967620126621097
937658512984305
673717132770306
614865608651458
561398040680518
1665621273708411
227453300919103
879999815450883
177421002617147
143309229374283
1679095499014904
212083062462227
1647339695531338
934314386618288
465541160296811
1187797724597450
941884332570372
1665684373712847
1690620901209251
533897023455485
433876236806923
1534087986918352
1542257972764339
1508542509440551
1056599117739051
1022428431138260
465952740267328
463086887212405
152949318408086
880811292036688
1675888079323686
1561529340836513
567077930107294
518645148303399
1393583364276557
183286505358345
1671511356420985
1657680317821230
1702906016663353
710982775703659
727281114074696
558296991013269
1742772295956756
1669960936598007
1662313520717978
157123551322154

